0 0.00 0 
1 1.00 0 
2 2.00 0 
3 3.00 1 
4 4.00 2 
5 5.00 3 
6 6.00 4 
7 7.00 5 
8 8.00 6 
9 9.00 7 
10 10.00 8 
11 11.00 9 
12 12.00 10 
13 13.00 16 
14 14.00 12 
15 15.00 13 
16 16.00 14 
17 17.00 15 
18 18.00 16 
19 19.00 17 
20 20.00 18 
21 21.00 19 
22 22.00 20 
23 23.00 21 
24 24.00 22 
25 25.00 23 
26 26.00 24 
27 27.00 30 
28 28.00 26 
29 29.00 27 
30 30.00 28 
31 31.00 29 
32 32.00 30 
33 33.00 31 
34 34.00 32 
35 35.00 33 
36 36.00 34 
37 37.00 35 
38 38.00 36 
39 39.00 37 
40 40.00 38 
41 41.00 46 
42 42.00 40 
43 43.00 41 
44 44.00 42 
45 45.00 44 
46 46.00 44 
47 47.00 46 
48 48.00 46 
49 49.00 47 
50 50.00 48 
51 51.00 50 
52 52.00 50 
53 53.00 52 
54 54.00 52 
55 55.00 54 
56 56.00 54 
57 57.00 56 
58 58.00 56 
59 59.00 58 
60 60.00 59 
61 61.00 60 
62 62.00 60 
63 63.00 62 
64 64.00 63 
65 65.00 64 
66 66.00 65 
67 67.00 66 
68 68.00 67 
69 69.00 67 
70 70.00 69 
71 71.00 69 
72 72.00 70 
73 73.00 71 
74 74.00 73 
75 75.00 73 
76 76.00 75 
77 77.00 75 
78 78.00 77 
79 79.00 77 
80 80.00 79 
81 81.00 79 
82 82.00 81 
83 83.00 81 
84 84.00 83 
85 85.00 83 
86 86.00 85 
87 87.00 85 
88 88.00 87 
89 89.00 87 
90 90.00 89 
91 91.00 89 
92 92.00 91 
93 93.00 91 
94 94.00 93 
95 95.00 93 
96 96.00 95 
97 97.00 95 
98 98.00 97 
99 99.00 97 
100 100.00 99 
101 101.00 100 
102 102.00 101 
103 103.00 102 
104 104.00 103 
105 105.00 104 
106 106.00 105 
107 107.00 106 
108 108.00 106 
109 109.00 108 
110 110.00 108 
111 111.00 110 
112 112.00 110 
113 113.00 112 
114 114.00 112 
115 115.00 114 
116 116.00 114 
117 117.00 116 
118 118.00 116 
119 119.00 118 
120 120.00 118 
121 121.00 120 
122 122.00 120 
123 123.00 122 
124 124.00 123 
125 125.00 124 
126 126.00 124 
127 127.00 126 
128 128.00 126 
129 129.00 128 
130 130.00 128 
131 131.00 130 
132 132.00 130 
133 133.00 132 
134 134.00 133 
135 135.00 134 
136 136.00 135 
137 137.00 136 
138 138.00 137 
139 139.00 138 
140 140.00 139 
141 141.00 140 
142 142.00 141 
143 143.00 142 
144 144.00 143 
145 145.00 144 
146 146.00 145 
147 147.00 146 
148 148.00 147 
149 149.00 147 
150 150.00 149 
151 151.00 149 
152 152.00 151 
153 153.00 151 
154 154.00 153 
155 155.00 153 
156 156.00 155 
157 157.00 155 
158 158.00 157 
159 159.00 157 
160 160.00 159 
161 161.00 159 
162 162.00 161 
163 163.00 161 
164 164.00 163 
165 165.00 164 
166 166.00 165 
167 167.00 165 
168 168.00 167 
169 169.00 167 
170 170.00 169 
171 171.00 169 
172 172.00 171 
173 173.00 172 
174 174.00 173 
175 175.00 173 
176 176.00 173 
177 177.00 173 
178 178.00 173 
179 179.00 173 
180 180.00 173 
181 179.00 173 
182 178.00 190 
183 177.00 189 
184 176.00 189 
185 175.00 188 
186 174.00 187 
187 173.00 173 
188 172.00 173 
189 171.00 172 
190 170.00 172 
191 169.00 171 
192 168.00 170 
193 167.00 169 
194 166.00 168 
195 165.00 167 
196 164.00 166 
197 163.00 165 
198 162.00 165 
199 161.00 163 
200 160.00 162 
201 159.00 161 
202 158.00 161 
203 157.00 159 
204 156.00 158 
205 155.00 157 
206 154.00 156 
207 153.00 155 
208 152.00 154 
209 151.00 153 
210 150.00 153 
211 149.00 151 
212 148.00 151 
213 147.00 149 
214 146.00 149 
215 145.00 147 
216 144.00 147 
217 143.00 146 
218 142.00 144 
219 141.00 144 
220 140.00 142 
221 139.00 142 
222 138.00 141 
223 137.00 140 
224 136.00 138 
225 135.00 138 
226 134.00 136 
227 133.00 136 
228 132.00 134 
229 131.00 134 
230 130.00 133 
231 129.00 132 
232 128.00 130 
233 127.00 130 
234 126.00 128 
235 125.00 127 
236 124.00 126 
237 123.00 125 
238 122.00 124 
239 121.00 124 
240 120.00 122 
241 119.00 121 
242 118.00 120 
243 117.00 120 
244 116.00 118 
245 115.00 117 
246 114.00 116 
247 113.00 115 
248 112.00 114 
249 111.00 113 
250 110.00 112 
251 109.00 111 
252 108.00 110 
253 107.00 109 
254 106.00 108 
255 105.00 107 
256 104.00 106 
257 103.00 105 
258 102.00 105 
259 101.00 103 
260 100.00 102 
261 99.00 101 
262 98.00 101 
263 97.00 99 
264 96.00 99 
265 95.00 97 
266 94.00 96 
267 93.00 95 
268 92.00 94 
269 91.00 93 
270 90.00 92 
271 89.00 91 
272 88.00 91 
273 87.00 89 
274 86.00 88 
275 85.00 87 
276 84.00 86 
277 83.00 84 
278 82.00 84 
279 81.00 83 
280 80.00 82 
281 79.00 81 
282 78.00 80 
283 77.00 79 
284 76.00 78 
285 75.00 77 
286 74.00 76 
287 73.00 75 
288 72.00 74 
289 71.00 73 
290 70.00 72 
291 69.00 71 
292 68.00 70 
293 67.00 69 
294 66.00 68 
295 65.00 67 
296 64.00 66 
297 63.00 66 
298 62.00 64 
299 61.00 64 
300 60.00 62 
301 59.00 62 
302 58.00 66 
303 57.00 60 
304 56.00 58 
305 55.00 58 
306 54.00 56 
307 53.00 56 
308 52.00 54 
309 51.00 54 
310 50.00 52 
311 49.00 51 
312 48.00 50 
313 47.00 49 
314 46.00 48 
315 45.00 47 
316 44.00 46 
317 43.00 45 
318 42.00 44 
319 41.00 43 
320 40.00 42 
321 39.00 41 
322 38.00 40 
323 37.00 39 
324 36.00 38 
325 35.00 37 
326 34.00 36 
327 33.00 35 
328 32.00 34 
329 31.00 33 
330 30.00 32 
331 29.00 31 
332 28.00 30 
333 27.00 28 
334 26.00 28 
335 25.00 27 
336 24.00 26 
337 23.00 25 
338 22.00 24 
339 21.00 23 
340 20.00 22 
341 19.00 21 
342 18.00 20 
343 17.00 19 
344 16.00 18 
345 15.00 17 
346 14.00 16 
347 13.00 15 
348 12.00 14 
349 11.00 13 
350 10.00 12 
351 9.00 11 
352 8.00 10 
353 7.00 9 
354 6.00 8 
355 5.00 7 
356 4.00 6 
357 3.00 5 
358 2.00 4 
359 1.00 3 
360 0.00 2 

